0 0
1 0
2 0
3 0
4 0
5 1
6 3
7 7
8 14
9 22
10 32
11 45
12 58
13 70
14 81
15 88
16 87
17 82
18 68
19 48
20 23
21 -4
22 -30
23 -51
24 -71
25 -84
26 -90
27 -91
28 -88
29 -81
30 -72
31 -62
32 -49
33 -37
34 -22
35 -6
36 10
37 27
38 42
39 60
40 76
41 90
42 99
43 102
44 96
45 83
46 63
47 40
48 12
49 -16
50 -45
51 -70
52 -91
53 -105
54 -113
55 -115
56 -113
57 -107
58 -99
59 -89
60 -77
61 -63
62 -50
63 -35
64 -19
65 -2
66 14
67 30
68 48
69 66
70 82
71 96
72 104
73 105
74 98
75 83
76 61
77 35
78 8
79 -22
80 -50
81 -76
82 -97
83 -111
84 -119
85 -122
86 -120
87 -115
88 -107
89 -97
90 -86
91 -73
92 -58
93 -45
94 -29
95 -12
96 4
97 22
98 38
99 56
100 73
101 88
102 98
103 103
104 100
105 88
106 70
107 45
108 20
109 -10
110 -39
111 -66
112 -89
113 -105
114 -115
115 -119
116 -118
117 -113
118 -106
119 -96
120 -85
121 -73
122 -59
123 -45
124 -30
125 -14
126 3
127 20
128 36
129 54
130 70
131 86
132 96
133 101
134 100
135 90
136 72
137 49
138 24
139 -6
140 -35
141 -62
142 -85
143 -101
144 -112
145 -116
146 -115
147 -111
148 -104
149 -94
150 -83
151 -70
152 -56
153 -41
154 -25
155 -10
156 7
157 24
158 42
159 60
160 75
161 90
162 101
163 105
164 102
165 91
166 72
167 47
168 19
169 -11
170 -38
171 -66
172 -89
173 -106
174 -117
175 -121
176 -120
177 -116
178 -108
179 -99
180 -89
181 -76
182 -62
183 -48
184 -32
185 -18
186 -1
187 16
188 34
189 51
190 67
191 83
192 96
193 102
194 101
195 94
196 77
197 55
198 28
199 -2
200 -29
201 -58
202 -82
203 -101
204 -113
205 -119
206 -119
207 -115
208 -108
209 -99
210 -89
211 -76
212 -62
213 -48
214 -32
215 -17
216 0
217 17
218 34
219 52
220 68
221 84
222 96
223 102
224 102
225 92
226 77
227 54
228 27
229 -3
230 -33
231 -59
232 -83
233 -103
234 -115
235 -121
236 -122
237 -118
238 -111
239 -102
240 -91
241 -80
242 -66
243 -51
244 -36
245 -20
246 -4
247 13
248 31
249 48
250 65
251 81
252 94
253 102
254 102
255 94
256 80
257 58
258 32
259 2
260 -27
261 -53
262 -77
263 -97
264 -110
265 -117
266 -118
267 -116
268 -110
269 -102
270 -91
271 -81
272 -67
273 -53
274 -38
275 -22
276 -7
277 10
278 28
279 46
280 62
281 78
282 92
283 101
284 103
285 96
286 81
287 62
288 36
289 7
290 -22
291 -51
292 -73
293 -94
294 -108
295 -115
296 -116
297 -114
298 -108
299 -99
300 -89
301 -76
302 -64
303 -50
304 -34
305 -19
306 -2
307 14
308 31
309 49
310 67
311 83
312 95
313 103
314 104
315 96
316 81
317 60
318 33
319 4
320 -26
321 -55
322 -77
323 -97
324 -111
325 -118
326 -119
327 -116
328 -110
329 -101
330 -90
331 -79
332 -66
333 -51
334 -35
335 -19
336 -4
337 13
338 31
339 49
340 67
341 81
342 95
343 104
344 105
345 98
346 85
347 63
348 37
349 8
350 -22
351 -49
352 -75
353 -96
354 -111
355 -118
356 -120
357 -117
358 -111
359 -103
360 -92
361 -81
362 -67
363 -53
364 -37
365 -21
366 -6
367 11
368 29
369 46
370 65
371 80
372 94
373 103
374 105
375 99
376 86
377 65
378 39
379 10
380 -17
381 -46
382 -73
383 -94
384 -110
385 -118
386 -120
387 -118
388 -112
389 -104
390 -94
391 -82
392 -69
393 -54
394 -39
395 -23
396 -8
397 9
398 26
399 44
400 61
401 76
402 91
403 100
404 103
405 98
406 86
407 66
408 41
409 13
410 -17
411 -43
412 -70
413 -91
414 -107
415 -116
416 -119
417 -117
418 -112
419 -104
420 -94
421 -83
422 -70
423 -56
424 -41
425 -25
426 -8
427 7
428 25
429 42
430 60
431 76
432 90
433 100
434 104
435 99
436 86
437 68
438 43
439 15
440 -15
441 -44
442 -68
443 -91
444 -107
445 -116
446 -120
447 -118
448 -113
449 -105
450 -96
451 -85
452 -73
453 -59
454 -44
455 -28
456 -13
457 4
458 21
459 39
460 57
461 72
462 88
463 99
464 104
465 101
466 91
467 73
468 48
469 20
470 -10
471 -36
472 -64
473 -88
474 -105
475 -116
476 -120
477 -119
478 -114
479 -107
480 -97
481 -86
482 -74
483 -60
484 -45
485 -30
486 -15
487 1
488 18
489 36
490 54
491 69
492 85
493 97
494 103
495 101
496 92
497 75
498 52
499 25
