311.951996	0.5596597269
351.683899	0.1473448459
494.997375	0.0848406692
463.223999	0.059570615
602.040466	0.0458993519
694.008057	0.0373318202
683.362		0.0314595996
622.020752	0.0271836637
569.598022	0.0239310021
517.64917	0.0213735498
483.543304	0.01930994
444.879089	0.0176097262
411.24176	0.0161846867
387.9505	0.0149730186
360.363892	0.0139301376
338.978729	0.0130230717
321.701935	0.0122269119
303.229401	0.0115224896
285.962463	0.0108948128
272.91394	0.0103319874
259.709839	0.0098244566
246.837418	0.0093644533
241.581665	0.0089456
229.739151	0.0085626115
220.405472	0.0082110705
213.918808	0.0078872564
206.017838	0.0075880134
197.072037	0.0073106469
188.480133	0.0070528427
183.648972	0.0068126017
173.439301	0.0065881882
168.930878	0.006378088
164.415863	0.006180974
159.784821	0.0059956783
155.557556	0.005821169
148.91713	0.0056565309
142.85585	0.0055009495
141.227722	0.0053536974
137.578461	0.0052141232
132.985153	0.0050816417
128.541962	0.0049557255
124.143089	0.0048358986
119.612282	0.0047217296
119.571228	0.004612827
115.105141	0.0045088346
112.11821	0.0044094277
110.544235	0.0043143095
106.415085	0.0042232084
103.576828	0.0041358751
101.505157	0.0040520806
97.34301	0.0039716141
97.012688	0.0038942812
92.582024	0.0038199023
92.369164	0.0037483114
87.760735	0.0036793546
91.323524	0.0036128891
87.55265	0.0035487823
83.223106	0.0034869108
