1 66
1 66
1 66
1 66
1 65
1 66
1 66
1 61
1 66
1 65
1 66
1 66
1 65
1 66
1 65
1 70
1 61
1 62
1 66
1 66
1 66
1 62
1 61
1 66
1 66
1 65
1 66
1 70
1 70
1 66
1 65
1 66
1 66
1 65
1 66
1 71
1 66
1 65
1 65
1 66
1 65
1 66
1 66
1 65
1 66
1 66
1 65
1 66
1 70
1 66
1 66
1 65
1 66
1 65
1 66
1 66
1 65
1 66
1 66
1 65
1 66
1 65
1 70
1 66
1 66
1 66
1 65
1 70
1 66
1 66
1 66
1 66
1 66
1 66
1 70
1 61
1 66
1 64
1 66
1 66
1 66
1 66
1 65
1 66
1 66
1 65
1 67
1 65
1 65
1 66
1 65
1 66
1 65
1 66
1 62
1 61
1 65
1 66
1 72
1 61
2 182
2 182
2 182
2 183
2 183
2 182
2 182
2 183
2 183
2 182
2 182
2 185
2 182
2 182
2 183
2 183
2 182
2 182
2 183
2 184
2 182
2 183
2 184
2 182
2 183
2 187
2 184
2 183
2 182
2 184
2 183
2 187
2 182
2 184
2 182
2 182
2 183
2 184
2 181
2 182
2 184
2 184
2 183
2 182
2 183
2 183
2 181
2 183
2 184
2 182
2 183
2 181
2 183
2 183
2 182
2 184
2 182
2 182
2 183
2 188
2 181
2 183
2 182
2 184
2 182
2 181
2 184
2 182
2 183
2 182
2 184
2 182
2 182
2 183
2 184
2 183
2 183
2 183
2 182
2 182
2 186
2 184
2 182
2 182
2 184
2 183
2 187
2 183
2 184
2 182
2 182
2 182
2 184
2 186
2 183
2 183
2 184
2 183
2 182
2 184
3 34
3 31
3 30
3 30
3 25
3 24
3 30
3 30
3 34
3 30
3 30
3 30
3 31
3 29
3 30
3 30
3 30
3 30
3 30
3 30
3 30
3 34
3 30
3 30
3 30
3 30
3 29
3 30
3 30
3 34
3 30
3 29
3 30
3 30
3 30
3 30
3 30
3 30
3 30
3 29
3 30
3 30
3 30
3 30
3 34
3 31
3 30
3 30
3 31
3 30
3 30
3 30
3 29
3 29
3 30
3 30
3 30
3 30
3 30
3 31
3 29
3 31
3 30
3 30
3 30
3 29
3 30
3 30
3 35
3 30
3 30
3 30
3 30
3 34
3 31
3 30
3 30
3 31
3 29
3 30
3 30
3 30
3 30
3 35
3 29
3 31
3 29
3 30
3 30
3 30
3 30
3 34
3 35
3 30
3 30
3 30
3 30
3 30
3 30
3 29
4 10
4 9
4 7
4 7
4 7
4 12
4 11
4 12
4 12
4 9
4 12
4 12
4 12
4 10
4 9
4 10
4 9
4 12
4 10
4 9
4 12
4 12
4 14
4 12
4 12
4 7
4 10
4 9
4 12
4 17
4 7
4 10
4 9
4 12
4 12
4 11
4 12
4 12
4 9
4 12
4 12
4 7
4 7
4 12
4 12
4 12
4 9
4 7
4 7
4 10
4 9
4 7
4 12
4 12
4 16
4 15
4 12
4 16
4 20
4 10
4 10
4 9
4 10
4 9
4 14
4 10
4 9
4 10
4 9
4 12
4 10
4 14
4 7
4 9
4 9
4 9
4 9
4 14
4 5
4 5
4 12
4 12
4 12
4 10
4 14
4 12
4 12
4 9
4 10
4 9
4 9
4 10
4 9
4 7
4 7
4 14
4 12
4 12
4 10
4 12
