15 311.951996
20 351.683899
25 494.997375
30 463.223999
35 602.040466
40 694.008057
45 683.362000
50 622.020752
55 569.598022
60 517.649170
65 483.543304
70 444.879089
75 411.241760
80 387.950500
85 360.363892
90 338.978729
95 321.701935
100 303.229401
105 285.962463
110 272.913940
115 259.709839
120 246.837418
125 241.581665
130 229.739151
135 220.405472
140 213.918808
145 206.017838
150 197.072037
155 188.480133
160 183.648972
165 173.439301
170 168.930878
175 164.415863
180 159.784821
185 155.557556
190 148.917130
195 142.855850
200 141.227722
205 137.578461
210 132.985153
215 128.541962
220 124.143089
225 119.612282
230 119.571228
235 115.105141
240 112.118210
245 110.544235
250 106.415085
255 103.576828
260 101.505157
265 97.343010
270 97.012688
275 92.582024
280 92.369164
285 87.760735
290 91.323524
295 87.552650
300 83.223106
