5 331.996674
10 483.791656
15 434.812958
20 547.661377
25 654.839417
30 669.104736
35 617.890198
40 564.724792
45 512.944519
50 476.196564
55 440.328644
60 410.725555
65 382.289520
70 357.530457
75 336.595886
80 315.630981
85 297.912720
90 281.264832
95 268.455444
100 255.629089
105 243.409378
110 239.042343
115 226.003418
120 217.376663
125 208.483963
130 200.264145
135 193.920441
140 187.269867
145 179.340439
150 174.298904
155 168.292160
160 164.275497
165 155.917130
170 151.361542
175 146.303940
180 142.640503
185 141.246063
190 137.235413
195 133.190384
200 128.240311
205 124.213737
210 123.497032
215 120.104164
220 115.208504
225 115.232018
230 111.192055
235 107.896988
240 106.884834
245 102.184807
250 102.223640
255 98.160370
260 95.546936
265 93.169243
270 89.158615
275 89.148590
280 84.821915
285 84.408035
290 84.394012
295 84.427322
300 85.154053
