512.944519 0.0221398732
476.196564 0.0199332726
440.328644 0.0181266548
410.725555 0.0166203024
382.28952 0.0153451013
357.530457 0.0142516372
336.595886 0.0133036437
315.630981 0.0124739019
297.91272 0.011741585
281.264832 0.0110904856
268.455444 0.0105078025
255.629089 0.0099832903
243.409378 0.0095086521
239.042343 0.0090770973
226.003418 0.0086830145
217.376663 0.0083217261
208.483963 0.0079893022
200.264145 0.0076824165
193.920441 0.0073982349
187.269867 0.0071343277
179.340439 0.0068886
174.298904 0.006659236
168.29216 0.0064446536
164.275497 0.0062434687
155.91713 0.0060544644
151.361542 0.005876567
146.30394 0.0057088256
142.640503 0.0055503944
141.246063 0.0054005193
137.235413 0.0052585255
133.190384 0.0051238071
128.240311 0.0049958191
124.213737 0.0048740692
123.497032 0.0047581124
120.104164 0.0046475447
115.208504 0.004541999
115.232018 0.0044411407
111.192055 0.0043446644
107.896988 0.0042522905
106.884834 0.0041637628
102.184807 0.0040788461
102.22364 0.0039973238
98.16037 0.0039189963
95.546936 0.0038436794
93.169243 0.003771203
89.158615 0.0037014091
89.14859 0.0036341517
84.821915 0.0035692949
84.408035 0.0035067125
84.394012 0.0034462868
84.427322 0.0033879083
85.154053 0.0033314746

